# ra = [0.1, 0.5, 1.2] = center of "a" function
# rb = [0.2, 0.7, 1.5] = center of "b" function
# rc = [0.3, 0.9, 1.8] = center of atomic nucleus
# za = 0.6 = exponential coefficient of "a" function ("zeta")
# zb = 0.8 = exponential coefficient of "b" function ("zeta")

# <s|1/rc|s>
0 0 0 0 0 0 -3.769700229500959e+00

# <p|1/rc|s>
1 0 0 0 0 0 -3.765369261122731e-01
0 1 0 0 0 0 -7.530738522245459e-01
0 0 1 0 0 0 -1.129610778336820e+00

# <p|1/rc|p>
1 0 0 1 0 0 -9.497470011404807e-01
1 0 0 0 1 0 -1.247840334136712e-02
1 0 0 0 0 1 -1.871760501205074e-02
0 1 0 1 0 0 -1.247840334136712e-02
0 1 0 0 1 0 -9.684646061525313e-01
0 1 0 0 0 1 -3.743521002410148e-02
0 0 1 1 0 0 -1.871760501205067e-02
0 0 1 0 1 0 -3.743521002410134e-02
0 0 1 0 0 1 -9.996606145059492e-01

# <d|1/rc|s>
1 1 0 0 0 0 -8.778578856382172e-02
1 0 1 0 0 0 -1.316786828457327e-01
0 1 1 0 0 0 -2.633573656914652e-01
2 0 0 0 0 0 -9.874006937517079e-01
0 2 0 0 0 0 -1.119079376597441e+00
0 0 2 0 0 0 -1.338543848006995e+00

# <d|1/rc|p>
1 1 0 1 0 0 -1.599898450605820e-01
1 1 0 0 1 0 -8.437100806708614e-02
1 1 0 0 0 1 -8.752171073590147e-03
1 0 1 1 0 0 -2.399847675908733e-01
1 0 1 0 1 0 -8.752171073590137e-03
1 0 1 0 0 1 -9.166448396174459e-02
0 1 1 1 0 0 -8.752171073590134e-03
0 1 1 0 1 0 -2.531130242012586e-01
0 1 1 0 0 1 -1.833289679234891e-01
2 0 0 1 0 0 -1.427165972860301e-01
2 0 0 0 1 0 +2.871171483337734e-02
2 0 0 0 0 1 +4.306757225006579e-02
0 2 0 1 0 0 +9.979771879893580e-03
0 2 0 0 1 0 -2.941853656456501e-01
0 2 0 0 0 1 +2.993931563968057e-02
0 0 2 1 0 0 +2.686295985235135e-03
0 0 2 0 1 0 +5.372591970470339e-03
0 0 2 0 0 1 -4.631584761524514e-01

# <d|1/rc|d>
1 1 0 1 1 0 -2.732971702144354e-01
1 1 0 1 0 1 +2.383536045115830e-03
1 1 0 0 1 1 +2.283808234472551e-05
1 1 0 2 0 0 -1.280418500728348e-02
1 1 0 0 2 0 -1.358347163409227e-02
1 1 0 0 0 2 -1.699083112672337e-02
1 0 1 1 1 0 +2.383536045115875e-03
1 0 1 1 0 1 -2.713108901768388e-01
1 0 1 0 1 1 -1.283585656451498e-03
1 0 1 2 0 0 -1.920627751092523e-02
1 0 1 0 2 0 -2.353803012306309e-02
1 0 1 0 0 2 -2.232342401816044e-02
0 1 1 1 1 0 +2.283808234474632e-05
0 1 1 1 0 1 -1.283585656451498e-03
0 1 1 0 1 1 -2.732362686615162e-01
0 1 1 2 0 0 -4.473820036569976e-02
0 1 1 0 2 0 -4.075041490227682e-02
0 1 1 0 0 2 -4.464684803632087e-02
2 0 0 1 1 0 -2.598500561356801e-04
2 0 0 1 0 1 -3.897750842035402e-04
2 0 0 0 1 1 -7.105195512256340e-03
2 0 0 2 0 0 -8.326421304967417e-01
2 0 0 0 2 0 -2.874766139878195e-01
2 0 0 0 0 2 -2.933976102480331e-01
0 2 0 1 1 0 -1.039136682944477e-03
0 2 0 1 0 1 -4.721527696341359e-03
0 2 0 0 1 1 -3.117410048833476e-03
0 2 0 2 0 0 -3.062931164145412e-01
0 2 0 0 2 0 -8.534071130320839e-01
0 2 0 0 0 2 -3.188838569381182e-01
0 0 2 1 1 0 -4.446496175575567e-03
0 0 2 1 0 1 -3.506921591438679e-03
0 0 2 0 1 1 -7.013843182877358e-03
0 0 2 2 0 0 -3.435749500526245e-01
0 0 2 0 2 0 -3.502446943159879e-01
0 0 2 0 0 2 -8.932106614363793e-01

# <f|1/rc|s>
1 1 1 0 0 0 -3.508790764273666e-02
2 1 0 0 0 0 -1.687684239169642e-01
2 0 1 0 0 0 -2.531526358754466e-01
1 2 0 0 0 0 -1.019281657798505e-01
0 2 1 0 0 0 -3.057844973395516e-01
0 1 2 0 0 0 -2.623361776309288e-01
1 0 2 0 0 0 -1.311680888154644e-01
3 0 0 0 0 0 -2.414566666612009e-01
0 3 0 0 0 0 -5.180012409651381e-01
0 0 3 0 0 0 -8.647216305545500e-01

# <f|1/rc|p>
1 1 1 1 0 0 -4.561341747305879e-02
1 1 1 0 1 0 -2.528846433778112e-02
1 1 1 0 0 1 -1.961648244880040e-02
2 1 0 1 0 0 -2.880316951334169e-02
2 1 0 0 1 0 -2.817342710211440e-01
2 1 0 0 0 1 +1.508318937756818e-03
2 0 1 1 0 0 -4.320475427001257e-02
2 0 1 0 1 0 +1.508318937756856e-03
2 0 1 0 0 1 -2.804773385730133e-01
1 2 0 1 0 0 -3.052951392265518e-01
1 2 0 0 1 0 -3.045767324750950e-02
1 2 0 0 0 1 -1.727596132373303e-03
0 2 1 1 0 0 -1.727596132373280e-03
0 2 1 0 1 0 -9.137301974252854e-02
0 2 1 0 0 1 -3.099020622462140e-01
0 1 2 1 0 0 -3.909236978528539e-03
0 1 2 0 1 0 -3.491701759218937e-01
0 1 2 0 0 1 -9.964553841336762e-02
1 0 2 1 0 0 -3.433063204541009e-01
1 0 2 0 1 0 -3.909236978528538e-03
1 0 2 0 0 1 -4.982276920668382e-02
3 0 0 1 0 0 -8.469137902253449e-01
3 0 0 0 1 0 +2.611321427202053e-03
3 0 0 0 0 1 +3.916982140803039e-03
0 3 0 1 0 0 +9.568176930342329e-04
0 3 0 0 1 0 -9.122441861612139e-01
0 3 0 0 0 1 +2.870453079102615e-03
0 0 3 1 0 0 -2.701032795868134e-03
0 0 3 0 1 0 -5.402065591736289e-03
0 0 3 0 0 1 -1.032158204282115e+00

# <f|1/rc|d>
1 1 1 1 1 0 -6.371838407250893e-02
1 1 1 1 0 1 -4.309789948033570e-02
1 1 1 0 1 1 -2.226088220105612e-02
1 1 1 2 0 0 -5.246929835838078e-03
1 1 1 0 2 0 -5.641609409305066e-03
1 1 1 0 0 2 -6.299408698416716e-03
2 1 0 1 1 0 -3.613255057076557e-02
2 1 0 1 0 1 -1.167320729141450e-03
2 1 0 0 1 1 +1.827305080005619e-02
2 1 0 2 0 0 -1.278056279425697e-01
2 1 0 0 2 0 -1.816807959210962e-02
2 1 0 0 0 2 -4.551204340654276e-02
2 0 1 1 1 0 -1.167320729141444e-03
2 0 1 1 0 1 -3.710531784505010e-02
2 0 1 0 1 1 +1.103591998938693e-02
2 0 1 2 0 0 -1.917084419138548e-01
2 0 1 0 2 0 -6.654889429383842e-02
2 0 1 0 0 2 -2.897129020414053e-02
1 2 0 1 1 0 -7.146916647158749e-02
1 2 0 1 0 1 +1.874747420084487e-02
1 2 0 0 1 1 -1.562000302608437e-03
1 2 0 2 0 0 -1.136367055077869e-02
1 2 0 0 2 0 -6.730727904050812e-02
1 2 0 0 0 2 -2.566589985110421e-02
0 2 1 1 1 0 -1.562000302608433e-03
0 2 1 1 0 1 +4.806027533805195e-03
0 2 1 0 1 1 -7.563450061187668e-02
0 2 1 2 0 0 -7.266830795388335e-02
0 2 1 0 2 0 -2.019218371215245e-01
0 2 1 0 0 2 -3.842040325176558e-02
0 1 2 1 1 0 +5.069596089798933e-03
0 1 2 1 0 1 -2.219799591720075e-03
0 1 2 0 1 1 -1.114619142429564e-01
0 1 2 2 0 0 -5.639100102440051e-02
0 1 2 0 2 0 -3.321237135025649e-02
0 1 2 0 0 2 -1.477169064160582e-01
1 0 2 1 1 0 +1.187933936856683e-02
1 0 2 1 0 1 -1.081322148553763e-01
1 0 2 0 1 1 -2.219799591720076e-03
1 0 2 2 0 0 -1.573611208064377e-02
1 0 2 0 2 0 -2.906557410668475e-02
1 0 2 0 0 2 -7.385845320802910e-02
3 0 0 1 1 0 +3.869681315116508e-02
3 0 0 1 0 1 +5.804521972674739e-02
3 0 0 0 1 1 -1.799885263526374e-03
3 0 0 2 0 0 -1.503429221277340e-01
3 0 0 0 2 0 -6.482824195832035e-02
3 0 0 0 0 2 -6.632814634459233e-02
0 3 0 1 1 0 +1.782560492611134e-02
0 3 0 1 0 1 -2.194564836993359e-03
0 3 0 0 1 1 +5.347681477833385e-02
0 3 0 2 0 0 -1.326238760862012e-01
0 3 0 0 2 0 -3.090866437338012e-01
0 3 0 0 0 2 -1.384760489848502e-01
0 0 3 1 1 0 -2.852364126105011e-03
0 0 3 1 0 1 +1.441053645817719e-02
0 0 3 0 1 1 +2.882107291635443e-02
0 0 3 2 0 0 -2.108540077120196e-01
0 0 3 0 2 0 -2.151325539011771e-01
0 0 3 0 0 2 -4.872631614529840e-01

# <f|1/rc|f>
1 1 1 1 1 1 -8.079369949291924e-02
1 1 1 2 1 0 -3.476788888097044e-03
1 1 1 2 0 1 -2.678119614924712e-03
1 1 1 1 2 0 -6.517167902689970e-03
1 1 1 0 2 1 -2.828346567067883e-03
1 1 1 0 1 2 -3.878844956015082e-03
1 1 1 1 0 2 -6.870599182096536e-03
1 1 1 3 0 0 -3.161684125438847e-02
1 1 1 0 3 0 -1.653760484019590e-02
1 1 1 0 0 3 -1.196784240167999e-02
2 1 0 1 1 1 +9.911378758817317e-04
2 1 0 2 1 0 -2.524305942236263e-01
2 1 0 2 0 1 +6.200154144798645e-03
2 1 0 1 2 0 -4.724424273913027e-03
2 1 0 0 2 1 -1.630904965987581e-03
2 1 0 0 1 2 -8.850170295304170e-02
2 1 0 1 0 2 -6.637713344215845e-03
2 1 0 3 0 0 -1.444863410738887e-02
2 1 0 0 3 0 -2.606903852370352e-01
2 1 0 0 0 3 +6.153072970024631e-03
2 0 1 1 1 1 +4.331540060517366e-04
2 0 1 2 1 0 +6.200154144798686e-03
2 0 1 2 0 1 -2.472637991029606e-01
2 0 1 1 2 0 -9.615163149519650e-03
2 0 1 0 2 1 -8.522697171090224e-02
2 0 1 0 1 2 -1.706282011110099e-03
2 0 1 1 0 2 -7.428043277673714e-03
2 0 1 3 0 0 -2.167295116108336e-02
2 0 1 0 3 0 +6.228450015147199e-03
2 0 1 0 0 3 -2.601966431424770e-01
1 2 0 1 1 1 +2.179905224284496e-03
1 2 0 2 1 0 -4.804017740907382e-03
1 2 0 2 0 1 -1.117073690031046e-03
1 2 0 1 2 0 -2.575932732514065e-01
1 2 0 0 2 1 +2.526256990095524e-03
1 2 0 0 1 2 -6.811922916496573e-03
1 2 0 1 0 2 -9.503752164923986e-02
1 2 0 3 0 0 -2.768553527570622e-01
1 2 0 0 3 0 -1.512212074459416e-02
1 2 0 0 0 3 +2.561043259632838e-03
0 2 1 1 1 1 +2.829270539085600e-04
0 2 1 2 1 0 -1.910464468693091e-02
0 2 1 2 0 1 -8.989388214236693e-02
0 2 1 1 2 0 +2.526256990095541e-03
0 2 1 0 2 1 -2.508565879444850e-01
0 2 1 0 1 2 -1.574317728528105e-02
0 2 1 1 0 2 -1.296686370521863e-03
0 2 1 3 0 0 +2.740655940123678e-03
0 2 1 0 3 0 -4.536636223378255e-02
0 2 1 0 0 3 -2.781484067449970e-01
0 1 2 1 1 1 +5.890818079637124e-04
0 1 2 2 1 0 -1.004161743236518e-01
0 1 2 2 0 1 -1.957798906702524e-02
0 1 2 1 2 0 -1.199592254833754e-03
0 1 2 0 2 1 -1.614114462025282e-02
0 1 2 0 1 2 -2.601311464373148e-01
0 1 2 1 0 2 +9.140256304008042e-04
0 1 2 3 0 0 +1.386901536763913e-03
0 1 2 0 3 0 -3.047906648108910e-01
0 1 2 0 0 3 -4.913149890111837e-02
1 0 2 1 1 1 +1.826473944877984e-03
1 0 2 2 1 0 -1.104976149547380e-03
1 0 2 2 0 1 -7.746417145651109e-03
1 0 2 1 2 0 -1.022850825883853e-01
1 0 2 0 2 1 -1.011314969798792e-02
1 0 2 0 1 2 +9.140256304008111e-04
1 0 2 1 0 2 -2.615021848829161e-01
1 0 2 3 0 0 -3.032027204690527e-01
1 0 2 0 3 0 +1.292285431477548e-03
1 0 2 0 0 3 -2.456574945055919e-02
3 0 0 1 1 1 -5.525621873464986e-03
3 0 0 2 1 0 +2.839387523900934e-03
3 0 0 2 0 1 +4.259081285851354e-03
3 0 0 1 2 0 -2.637832119109358e-01
3 0 0 0 2 1 +3.178420008592624e-03
3 0 0 0 1 2 +2.076711584048344e-03
3 0 0 1 0 2 -2.683878968054901e-01
3 0 0 3 0 0 -1.288471325189111e+00
3 0 0 0 3 0 +6.424416158540091e-03
3 0 0 0 0 3 +9.573271605289937e-03
0 3 0 1 1 1 -3.133824548259547e-03
0 3 0 2 1 0 -2.736696670383350e-01
0 3 0 2 0 1 +6.148856548152807e-03
0 3 0 1 2 0 +2.325087820684360e-03
0 3 0 0 2 1 +6.975263462053002e-03
0 3 0 0 1 2 -2.820265325003605e-01
0 3 0 1 0 2 +1.902502011767609e-03
0 3 0 3 0 0 +6.185635757557003e-03
0 3 0 0 3 0 -1.315906018814110e+00
0 3 0 0 0 3 +1.811555675982091e-02
0 0 3 1 1 1 -2.634021538750658e-03
0 0 3 2 1 0 +5.675512168058533e-03
0 0 3 2 0 1 -2.953829029853469e-01
0 0 3 1 2 0 +2.680433460124384e-03
0 0 3 0 2 1 -2.993339352934731e-01
0 0 3 0 1 2 +4.006061464660990e-03
0 0 3 1 0 2 +2.003030732330494e-03
0 0 3 3 0 0 +8.618150001357711e-03
0 0 3 0 3 0 +1.692165475490567e-02
0 0 3 0 0 3 -1.368000285329303e+00
