# ra = [0.1, 0.5, 1.2] = center of "a" function
# rb = [0.2, 0.7, 1.5] = center of "b" function
# za = 0.6 = exponential coefficient of "a" function ("zeta")
# zb = 0.8 = exponential coefficient of "b" function ("zeta")

# <s|s>
0 0 0 0 0 0 +3.203956568908645e+00

# <p|s>
1 0 0 0 0 0 +1.830832325090655e-01
0 1 0 0 0 0 +3.661664650181307e-01
0 0 1 0 0 0 +5.492496975271972e-01

# <p|p>
1 0 0 1 0 0 +1.136423778931271e+00
1 0 0 0 1 0 -1.569284850077705e-02
1 0 0 0 0 1 -2.353927275116552e-02
0 1 0 1 0 0 -1.569284850077702e-02
0 1 0 0 1 0 +1.112884506180105e+00
0 1 0 0 0 1 -4.707854550233100e-02
0 0 1 1 0 0 -2.353927275116559e-02
0 0 1 0 1 0 -4.707854550233120e-02
0 0 1 0 0 1 +1.073652384928163e+00

# <d|s>
1 1 0 0 0 0 +2.092379800103604e-02
1 0 1 0 0 0 +3.138569700155414e-02
0 1 1 0 0 0 +6.277139400310822e-02
2 0 0 0 0 0 +1.154732102182177e+00
0 2 0 0 0 0 +1.186117799183731e+00
0 0 2 0 0 0 +1.238427294186322e+00

# <d|p>
1 1 0 1 0 0 +1.298770033064308e-01
1 1 0 0 1 0 +6.359340035314888e-02
1 1 0 0 0 1 -2.690202600133201e-03
1 0 1 1 0 0 +1.948155049596467e-01
1 0 1 0 1 0 -2.690202600133213e-03
1 0 1 0 0 1 +6.135156485303787e-02
0 1 1 1 0 0 -2.690202600133208e-03
0 1 1 0 1 0 +1.907802010594469e-01
0 1 1 0 0 1 +1.227031297060756e-01
2 0 0 1 0 0 +8.128521884152493e-02
2 0 0 0 1 0 -9.897703732990093e-02
2 0 0 0 0 1 -1.484655559948511e-01
0 2 0 1 0 0 -5.083361996501704e-02
0 2 0 0 1 0 +1.598802350829164e-01
0 2 0 0 0 1 -1.525008598950509e-01
0 0 2 1 0 0 -5.307545546512805e-02
0 0 2 0 1 0 -1.061509109302562e-01
0 0 2 0 0 1 +2.330948461240427e-01

# <d|d>
1 1 0 1 1 0 +3.947333207634739e-01
1 1 0 1 0 1 -1.669847185368394e-02
1 1 0 0 1 1 -8.176294331119128e-03
1 1 0 2 0 0 -3.697961034468814e-03
1 1 0 0 2 0 -3.582666637320265e-03
1 1 0 0 0 2 +7.818668191815712e-03
1 0 1 1 1 0 -1.669847185368401e-02
1 0 1 1 0 1 +3.808179275520707e-01
1 0 1 0 1 1 -5.258705558831820e-03
1 0 1 2 0 0 -5.546941551703231e-03
1 0 1 0 2 0 +1.143976629485218e-02
1 0 1 0 0 2 -5.085763963108923e-03
0 1 1 1 1 0 -8.176294331119150e-03
0 1 1 1 0 1 -5.258705558831811e-03
0 1 1 0 1 1 +3.729298692138229e-01
0 1 1 2 0 0 +2.253364939825864e-02
0 1 1 0 2 0 -1.074799991196081e-02
0 1 1 0 0 2 -1.017152792621783e-02
2 0 0 1 1 0 -6.967304472130711e-03
2 0 0 1 0 1 -1.045095670819605e-02
2 0 0 0 1 1 +1.272561908527295e-02
2 0 0 2 0 0 +1.220651940637048e+00
2 0 0 0 2 0 +4.208880682647690e-01
2 0 0 0 0 2 +4.314927508358298e-01
0 2 0 1 1 0 -6.852010074982128e-03
0 2 0 1 0 1 +6.535751138359321e-03
0 2 0 0 1 1 -2.055603022494635e-02
0 2 0 2 0 0 +4.257920834212618e-01
0 2 0 0 2 0 +1.204826983972872e+00
0 2 0 0 0 2 +4.432207531235533e-01
0 0 2 1 1 0 +4.549324754153835e-03
0 0 2 1 0 1 -9.989779119601827e-03
0 0 2 0 1 1 -1.997955823920367e-02
0 0 2 2 0 0 +4.445701245864775e-01
0 0 2 0 2 0 +4.513941117177082e-01
0 0 2 0 0 2 +1.179220685513568e+00

# <f|s>
1 1 1 0 0 0 +3.586936800177614e-03
2 1 0 0 0 0 +1.319693831065344e-01
2 0 1 0 0 0 +1.979540746598021e-01
1 2 0 0 0 0 +6.777815995335608e-02
0 2 1 0 0 0 +2.033344798600685e-01
0 1 2 0 0 0 +1.415345479070081e-01
1 0 2 0 0 0 +7.076727395350411e-02
3 0 0 0 0 0 +1.967584290597426e-01
0 3 0 0 0 0 +3.971037949196625e-01
0 0 3 0 0 0 +6.046230343799393e-01

# <f|p>
1 1 1 1 0 0 +2.226462913824532e-02
1 1 1 0 1 0 +1.090172577482554e-02
1 1 1 0 0 1 +7.011607411775753e-03
2 1 0 1 0 0 +9.289739296174273e-03
2 1 0 0 1 0 +4.010926607987889e-01
2 1 0 0 0 1 -1.696749211369726e-02
2 0 1 1 0 0 +1.393460894426144e-02
2 0 1 0 1 0 -1.696749211369733e-02
2 0 1 0 0 1 +3.869530840373744e-01
1 2 0 1 0 0 +4.207087214247601e-01
1 2 0 0 1 0 +9.136013433309508e-03
1 2 0 0 0 1 -8.714334851145767e-03
0 2 1 1 0 0 -8.714334851145792e-03
0 2 1 0 1 0 +2.740804029992856e-02
0 2 1 0 0 1 +3.974704951550380e-01
0 1 2 1 0 0 -6.065766338871775e-03
0 1 2 0 1 0 +4.301639295316570e-01
0 1 2 0 0 1 +2.663941098560486e-02
1 0 2 1 0 0 +4.392625790399647e-01
1 0 2 0 1 0 -6.065766338871783e-03
1 0 2 0 0 1 +1.331970549280245e-02
3 0 0 1 0 0 +1.228780462521201e+00
3 0 0 0 1 0 -1.686500820512080e-02
3 0 0 0 0 1 -2.529751230768116e-02
0 3 0 1 0 0 -1.701873406798553e-02
0 3 0 0 1 0 +1.236803030989455e+00
0 3 0 0 0 1 -5.105620220395652e-02
0 0 3 1 0 0 -2.591241575914024e-02
0 0 3 0 1 0 -5.182483151828052e-02
0 0 3 0 0 1 +1.249149139350781e+00

# <f|d>
1 1 1 1 1 0 +6.766856927373850e-02
1 1 1 1 0 1 +4.352204886309376e-02
1 1 1 0 1 1 +2.131027824078989e-02
1 1 1 2 0 0 -6.339361773375117e-04
1 1 1 0 2 0 -6.141714235406175e-04
1 1 1 0 0 2 -5.812301672124478e-04
2 1 0 1 1 0 +2.823417193230110e-02
2 1 0 1 0 1 -1.194395052365262e-03
2 1 0 0 1 1 -5.156905638841562e-02
2 1 0 2 0 0 +1.395030789299483e-01
2 1 0 0 2 0 -2.259639029109851e-02
2 1 0 0 0 2 +4.931345723838051e-02
2 0 1 1 1 0 -1.194395052365266e-03
2 0 1 1 0 1 +2.723884272199672e-02
2 0 1 0 1 1 -3.316740720320353e-02
2 0 1 2 0 0 +2.092546183949229e-01
2 0 1 0 2 0 +7.215224027396053e-02
2 0 1 0 0 2 -3.207663985303698e-02
1 2 0 1 1 0 +5.670854052532829e-02
1 2 0 1 0 1 -5.409112132604049e-02
1 2 0 0 1 1 -1.174630298568363e-03
1 2 0 2 0 0 -1.197875235094005e-02
1 2 0 0 2 0 +6.884725622702127e-02
1 2 0 0 0 2 +2.532690017848877e-02
0 2 1 1 1 0 -1.174630298568367e-03
0 2 1 1 0 1 -1.703444979235877e-02
0 2 1 0 1 1 +5.357619306247932e-02
0 2 1 2 0 0 +7.299292858650215e-02
0 2 1 0 2 0 +2.065417686810641e-01
0 2 1 0 0 2 -3.294848510385565e-02
0 1 2 1 1 0 -1.843559697992815e-02
0 1 2 1 0 1 -1.141689042240208e-03
0 1 2 0 1 1 +8.096478124553483e-02
0 1 2 2 0 0 +5.080801423845455e-02
0 1 2 0 2 0 -2.423418075387349e-02
0 1 2 0 0 2 +1.347680783444077e-01
1 0 2 1 1 0 -3.765107820342555e-02
1 0 2 1 0 1 +8.267731480889513e-02
1 0 2 0 1 1 -1.141689042240210e-03
1 0 2 2 0 0 -1.250703249872132e-02
1 0 2 0 2 0 +2.579394924101191e-02
1 0 2 0 0 2 +6.738403917220392e-02
3 0 0 1 1 0 -1.053240396446744e-01
3 0 0 1 0 1 -1.579860594670112e-01
3 0 0 0 1 1 +2.168358197801242e-03
3 0 0 2 0 0 +1.047001536006333e-01
3 0 0 0 2 0 +7.171643965320415e-02
3 0 0 0 0 2 +7.352340481803851e-02
0 3 0 1 1 0 -5.300584418526236e-02
0 3 0 1 0 1 +2.188122951598136e-03
0 3 0 0 1 1 -1.590175325557868e-01
0 3 0 2 0 0 +1.425521582170788e-01
0 3 0 0 2 0 +2.071113474039080e-01
0 3 0 0 0 2 +1.483871527546739e-01
0 0 3 1 1 0 +2.221064207926307e-03
0 0 3 1 0 1 -5.353496311503347e-02
0 0 3 0 1 1 -1.070699262300670e-01
0 0 3 2 0 0 +2.170473300967986e-01
0 0 3 0 2 0 +2.203789264086881e-01
0 0 3 0 0 2 +3.050763866377811e-01

# <f|f>
1 1 1 1 1 1 +1.322759413660458e-01
1 1 1 2 1 0 -1.926713167550795e-03
1 1 1 2 0 1 -1.239194289509753e-03
1 1 1 1 2 0 -3.812249764691404e-03
1 1 1 0 2 1 -1.200558901730586e-03
1 1 1 0 1 2 -1.766524543920690e-03
1 1 1 1 0 2 -3.607778680768692e-03
1 1 1 3 0 0 +2.397820714858207e-02
1 1 1 0 3 0 +1.192522106648322e-02
1 1 1 0 0 3 +7.875402098415607e-03
2 1 0 1 1 1 -3.630107819867280e-03
2 1 0 2 1 0 +4.239897148906645e-01
2 1 0 2 0 1 -1.793611014813618e-02
2 1 0 1 2 0 -1.590630871324539e-03
2 1 0 0 2 1 +2.905250180284090e-03
2 1 0 0 1 2 +1.498776861066494e-01
2 1 0 1 0 2 +3.471329112509202e-03
2 1 0 3 0 0 -1.984576052922455e-03
2 1 0 0 3 0 +4.387487584043609e-01
2 1 0 0 0 3 -1.845993886900409e-02
2 0 1 1 1 1 -2.334757947599720e-03
2 0 1 2 1 0 -1.793611014813626e-02
2 0 1 2 0 1 +4.090429564338843e-01
2 0 1 1 2 0 +5.079022770296111e-03
2 0 1 0 2 1 +1.410404506307655e-01
2 0 1 0 1 2 +2.749426273117456e-03
2 0 1 1 0 2 -2.257975408519072e-03
2 0 1 3 0 0 -2.976864079383683e-03
2 0 1 0 3 0 -1.830411496183757e-02
2 0 1 0 0 3 +4.346237533063115e-01
1 2 0 1 1 1 -7.291098067542195e-03
1 2 0 2 1 0 -1.614650537397147e-03
1 2 0 2 0 1 +1.540125302263718e-03
1 2 0 1 2 0 +4.273447547234390e-01
1 2 0 0 2 1 -8.851790086331291e-03
1 2 0 0 1 2 +3.413885835997900e-03
1 2 0 1 0 2 +1.572076875364767e-01
1 2 0 3 0 0 +4.530882059117483e-01
1 2 0 0 3 0 -1.934517108038080e-03
1 2 0 0 0 3 -9.480840630909813e-03
0 2 1 1 1 1 -2.296122559820542e-03
0 2 1 2 1 0 +9.838927119913132e-03
0 2 1 2 0 1 +1.426837961179004e-01
0 2 1 1 2 0 -8.851790086331315e-03
0 2 1 0 2 1 +4.037399811598889e-01
0 2 1 0 1 2 -4.441221224110821e-03
0 2 1 1 0 2 +1.412077933022384e-03
0 2 1 3 0 0 -9.352793261668513e-03
0 2 1 0 3 0 -5.803551324114239e-03
0 2 1 0 0 3 +4.464368564539349e-01
0 1 2 1 1 1 -3.469919196237206e-03
0 1 2 2 1 0 +1.544200718461601e-01
0 1 2 2 0 1 +9.563004882383460e-03
0 1 2 1 2 0 +1.038607746594577e-03
0 1 2 0 2 1 -4.561319554473990e-03
0 1 2 0 1 2 +4.095986952538966e-01
0 1 2 1 0 2 -5.775774786188901e-03
0 1 2 3 0 0 -6.510176566556461e-03
0 1 2 0 3 0 +4.705493479149829e-01
0 1 2 0 0 3 -5.564550744718795e-03
1 0 2 1 1 1 -7.086626983619586e-03
1 0 2 2 1 0 +1.072031357033256e-03
1 0 2 2 0 1 -2.354054072809570e-03
1 0 2 1 2 0 +1.601067277888524e-01
1 0 2 0 2 1 +4.854896736764321e-03
1 0 2 0 1 2 -5.775774786188910e-03
1 0 2 1 0 2 +4.182623574331799e-01
1 0 2 3 0 0 +4.730700452022334e-01
1 0 2 0 3 0 -6.543600176995153e-03
1 0 2 0 0 3 -2.782275372359399e-03
3 0 0 1 1 1 +1.354166224002954e-02
3 0 0 2 1 0 -8.974298880054294e-03
3 0 0 2 0 1 -1.346144832008141e-02
3 0 0 1 2 0 +4.478779400128295e-01
3 0 0 0 2 1 -9.220685098269090e-03
3 0 0 0 1 2 -6.302006127260447e-03
3 0 0 1 0 2 +4.591626585461874e-01
3 0 0 3 0 0 +2.181054545900525e+00
3 0 0 0 3 0 -1.819355783107522e-02
3 0 0 0 0 3 -2.752266083923433e-02
0 3 0 1 1 1 +6.815037109533718e-03
0 3 0 2 1 0 +4.439870472470310e-01
0 3 0 2 0 1 -1.832813462791011e-02
0 3 0 1 2 0 -8.876200603024628e-03
0 3 0 0 2 1 -2.662860180907383e-02
0 3 0 0 1 2 +4.621604795391208e-01
0 3 0 1 0 2 -6.359449403771736e-03
0 3 0 3 0 0 -1.826561682929305e-02
0 3 0 0 3 0 +2.156564389471638e+00
0 3 0 0 0 3 -5.554706407128412e-02
0 0 3 1 1 1 +4.588711124145725e-03
0 0 3 2 1 0 -1.860405686543989e-02
0 0 3 2 0 1 +4.484190481873518e-01
0 0 3 1 2 0 -9.444811131800915e-03
0 0 3 0 2 1 +4.553021148735704e-01
0 0 3 0 1 2 -2.614940456895267e-02
0 0 3 1 0 2 -1.307470228447632e-02
0 0 3 3 0 0 -2.781089683210582e-02
0 0 3 0 3 0 -5.590735906237365e-02
0 0 3 0 0 3 +2.116476012875952e+00
