# ra = [0.1, 0.5, 1.2] = center of "a" function
# rb = [0.2, 0.7, 1.5] = center of "b" function
# za = 0.6 = exponential coefficient of "a" function ("zeta")
# zb = 0.8 = exponential coefficient of "b" function ("zeta")

# <s|T|s>
0 0 0 0 0 0 +3.190042243237956e+00

# <p|T|s>
1 0 0 0 0 0 +3.078309161912425e-01
0 1 0 0 0 0 +6.156618323824843e-01
0 0 1 0 0 0 +9.234927485737287e-01

# <p|T|p>
1 0 0 1 0 0 +1.905370067443945e+00
1 0 0 0 1 0 -3.714631750263934e-02
1 0 0 0 0 1 -5.571947625395889e-02
0 1 0 1 0 0 -3.714631750263928e-02
0 1 0 0 1 0 +1.849650591189986e+00
0 1 0 0 0 1 -1.114389525079177e-01
0 0 1 1 0 0 -5.571947625395904e-02
0 0 1 0 1 0 -1.114389525079182e-01
0 0 1 0 0 1 +1.756784797433388e+00

# <d|T|s>
1 1 0 0 0 0 +4.952842333685240e-02
1 0 1 0 0 0 +7.429263500527877e-02
0 1 1 0 0 0 +1.485852700105574e-01
2 0 0 0 0 0 +1.178751127730366e-01
0 2 0 0 0 0 +1.921677477783150e-01
0 0 2 0 0 0 +3.159888061204470e-01

# <d|T|p>
1 1 0 1 0 0 +3.068150956894319e-01
1 1 0 0 1 0 +1.493012225958728e-01
1 1 0 0 0 1 -8.212650497686635e-03
1 0 1 1 0 0 +4.602226435341489e-01
1 0 1 0 1 0 -8.212650497686672e-03
1 0 1 0 0 1 +1.424573471811339e-01
0 1 1 1 0 0 -8.212650497686659e-03
0 1 1 0 1 0 +4.479036677876189e-01
0 1 1 0 0 1 +2.849146943622675e-01
2 0 0 1 0 0 +2.705658710805173e-01
2 0 0 0 1 0 -7.797354954962091e-02
2 0 0 0 0 1 -1.169603243244311e-01
0 2 0 1 0 0 -4.309310002365374e-02
0 2 0 0 1 0 +5.329190916633474e-01
0 2 0 0 0 1 -1.292793000709611e-01
0 0 2 1 0 0 -4.993697543839268e-02
0 0 2 0 1 0 -9.987395087678538e-02
0 0 2 0 0 1 +7.788470112508066e-01

# <d|T|d>
1 1 0 1 1 0 +9.248651501229828e-01
1 1 0 1 0 1 -5.089803585973873e-02
1 1 0 0 1 1 -2.480247330366529e-02
1 1 0 2 0 0 -2.023012444140788e-02
1 1 0 0 2 0 -1.979909469060521e-02
1 1 0 0 0 2 +1.513866530109375e-02
1 0 1 1 1 0 -5.089803585973895e-02
1 0 1 1 0 1 +8.824501202398669e-01
1 0 1 0 1 1 -1.581659928443901e-02
1 0 1 2 0 0 -3.034518666211189e-02
1 0 1 0 2 0 +2.163042357463386e-02
1 0 1 0 0 2 -2.862106765890082e-02
0 1 1 1 1 0 -2.480247330366536e-02
0 1 1 1 0 1 -1.581659928443899e-02
0 1 1 0 1 1 +8.587252213132086e-01
0 1 1 2 0 0 +4.196775789685948e-02
0 1 1 0 2 0 -5.939728407181568e-02
0 1 1 0 0 2 -5.724213531780159e-02
2 0 0 1 1 0 -2.796894058779112e-02
2 0 0 1 0 1 -4.195341088168659e-02
2 0 0 0 1 1 +1.875130945770984e-02
2 0 0 2 0 0 +1.733614480905638e+00
2 0 0 0 2 0 -1.574945238876109e-01
2 0 0 0 0 2 -1.418684326728528e-01
0 2 0 1 1 0 -2.753791083698833e-02
0 2 0 1 0 1 +1.002219935505901e-02
0 2 0 0 1 1 -8.261373251096490e-02
0 2 0 2 0 0 -1.458862996680362e-01
0 2 0 0 2 0 +1.661962427988043e+00
0 2 0 0 0 2 -1.191604347212123e-01
0 0 2 1 1 0 +7.399849154710574e-03
0 0 2 1 0 1 -4.022929187847581e-02
0 0 2 0 1 1 -8.045858375695167e-02
0 0 2 2 0 0 -1.109131680873198e-01
0 0 2 0 2 0 -9.981339435525383e-02
0 0 2 0 0 2 +1.545415871464071e+00

# <f|T|s>
1 1 1 0 0 0 +1.095020066358222e-02
2 1 0 0 0 0 +1.039647327328278e-01
2 0 1 0 0 0 +1.559470990992419e-01
1 2 0 0 0 0 +5.745746669820503e-02
0 2 1 0 0 0 +1.723724000946152e-01
0 1 2 0 0 0 +1.331652678357138e-01
1 0 2 0 0 0 +6.658263391785693e-02
3 0 0 0 0 0 +1.522970322113812e-01
0 3 0 0 0 0 +3.155442650863440e-01
0 0 3 0 0 0 +5.006918992884729e-01

# <f|T|p>
1 1 1 1 0 0 +6.786404781298520e-02
1 1 1 0 1 0 +3.306996440488717e-02
1 1 1 0 0 1 +2.108879904591866e-02
2 1 0 1 0 0 +3.729192078372147e-02
2 1 0 0 1 0 +3.082219591610116e-01
2 1 0 0 0 1 -2.500174594361308e-02
2 0 1 1 0 0 +5.593788117558232e-02
2 0 1 0 1 0 -2.500174594361320e-02
2 0 1 0 0 1 +2.873871708746673e-01
1 2 0 1 0 0 +3.546548560393106e-01
1 2 0 0 1 0 +3.671721444931781e-02
1 2 0 0 0 1 -1.336293247341202e-02
0 2 1 1 0 0 -1.336293247341205e-02
0 2 1 0 1 0 +1.101516433479536e-01
0 2 1 0 0 1 +3.190203694435453e-01
0 1 2 1 0 0 -9.866465539614087e-03
0 1 2 0 1 0 +3.964085309073776e-01
0 1 2 0 0 1 +1.072781116759355e-01
1 0 2 1 0 0 +4.112082292167987e-01
1 0 2 0 1 0 -9.866465539614105e-03
1 0 2 0 0 1 +5.363905583796779e-02
3 0 0 1 0 0 +9.623600651765890e-01
3 0 0 0 1 0 -2.461860838734408e-02
3 0 0 0 0 1 -3.692791258101603e-02
0 3 0 1 0 0 -2.519331472174767e-02
0 3 0 0 1 0 +1.026940871147849e+00
0 3 0 0 0 1 -7.557994416524288e-02
0 0 3 1 0 0 -3.922673791863070e-02
0 0 3 0 1 0 -7.845347583726145e-02
0 0 3 0 0 1 +1.130744172203925e+00

# <f|T|d>
1 1 1 1 1 0 +2.049496160945037e-01
1 1 1 1 0 1 +1.306951329621062e-01
1 1 1 0 1 1 +6.368277486872499e-02
1 1 1 2 0 0 -3.902720425844221e-03
1 1 1 0 2 0 -3.815276637388749e-03
1 1 1 0 0 2 -3.669536989962913e-03
2 1 0 1 1 0 +1.127947929294437e-01
2 1 0 1 0 1 -5.613689279528929e-03
2 1 0 0 1 1 -7.499017627275782e-02
2 1 0 2 0 0 +2.937866233697516e-01
2 1 0 0 2 0 -8.918943432220947e-02
2 1 0 0 0 2 +1.760140694370631e-02
2 0 1 1 1 0 -5.613689279528954e-03
2 0 1 1 0 1 +1.081167185298362e-01
2 0 1 0 1 1 -4.737655101431106e-02
2 0 1 2 0 0 +4.406799350546283e-01
2 0 1 0 2 0 +2.247676066426814e-02
2 0 1 0 0 2 -1.298588017320224e-01
1 2 0 1 1 0 +2.276405084778784e-01
1 2 0 1 0 1 -8.268953611433905e-02
1 2 0 0 1 1 -5.526245491073443e-03
1 2 0 2 0 0 -4.733114732428506e-02
1 2 0 0 2 0 +1.421788287264170e-01
1 2 0 0 0 2 +1.055784956689447e-02
0 2 1 1 1 0 -5.526245491073460e-03
0 2 1 1 0 1 -2.535306711948366e-02
0 2 1 0 1 1 +2.129038538350159e-01
0 2 1 2 0 0 +2.504321394479522e-02
0 2 1 0 2 0 +4.265364861792517e-01
0 2 1 0 0 2 -1.353631072169667e-01
0 1 2 1 1 0 -2.963048925369548e-02
0 1 2 1 0 1 -5.380505843647661e-03
0 1 2 0 1 1 +3.244830873000033e-01
0 1 2 2 0 0 +2.216399055353229e-02
0 1 2 0 2 0 -9.936350535524612e-02
0 1 2 0 0 2 +2.690313533177733e-01
1 0 2 1 1 0 -6.106430184378882e-02
1 0 2 1 0 1 +3.325538460654748e-01
1 0 2 0 1 1 -5.380505843647669e-03
1 0 2 2 0 0 -5.058341434582193e-02
1 0 2 0 2 0 +1.198365694496510e-02
1 0 2 0 0 2 +1.345156766588868e-01
3 0 0 1 1 0 -1.547102042000558e-01
3 0 0 1 0 1 -2.320653063000832e-01
3 0 0 0 1 1 +4.652123842579369e-03
3 0 0 2 0 0 +2.905091491690239e-01
3 0 0 0 2 0 +2.135390981671589e-02
3 0 0 0 0 2 +2.523067968553199e-02
0 3 0 1 1 0 -8.035861620480196e-02
0 3 0 1 0 1 +4.739567631034846e-03
0 3 0 0 1 1 -2.410758486144055e-01
0 3 0 2 0 0 +4.133680454505360e-02
0 3 0 0 2 0 +5.674874871831468e-01
0 3 0 0 0 2 +5.397565156114646e-02
0 0 3 1 1 0 +4.885307278460671e-03
0 0 3 1 0 1 -8.517015351619117e-02
0 0 3 0 1 1 -1.703403070323825e-01
0 0 3 2 0 0 +7.020797870308390e-02
0 0 3 0 2 0 +7.753593962077485e-02
0 0 3 0 0 2 +8.179871614771765e-01

# <f|T|f>
1 1 1 1 1 1 +3.946618199113462e-01
1 1 1 2 1 0 -1.182422251485957e-02
1 1 1 2 0 1 -7.572999329986675e-03
1 1 1 1 2 0 -2.366391800840591e-02
1 1 1 0 2 1 -7.403810068738565e-03
1 1 1 0 1 2 -1.111860925201338e-02
1 1 1 1 0 2 -2.276025926645783e-02
1 1 1 3 0 0 +6.098829563122143e-02
1 1 1 0 3 0 +3.050653620194571e-02
1 1 1 0 0 3 +2.033221819643354e-02
2 1 0 1 1 1 -1.699140445312315e-02
2 1 0 2 1 0 +8.847021228167765e-01
2 1 0 2 0 1 -5.007161282054708e-02
2 1 0 1 2 0 -1.141052447696014e-02
2 1 0 0 2 1 +1.345938453647885e-02
2 1 0 0 1 2 +5.059728106622308e-02
2 1 0 1 0 2 +1.243932630891443e-02
2 1 0 3 0 0 -9.727343732918708e-03
2 1 0 0 3 0 +1.286178888896506e-01
2 1 0 0 0 3 -1.823610712234817e-02
2 0 1 1 1 1 -1.086812418091149e-02
2 0 1 2 1 0 -5.007161282054729e-02
2 0 1 2 0 1 +8.429757787996531e-01
2 0 1 1 2 0 +1.796977128161574e-02
2 0 1 0 2 1 +3.757553838725791e-02
2 0 1 0 1 2 +1.301607530716818e-02
2 0 1 1 0 2 -1.642656853368414e-02
2 0 1 3 0 0 -1.459101559937809e-02
2 0 1 0 3 0 -1.779279789303761e-02
2 0 1 0 0 3 +1.376590294137245e-01
1 2 0 1 1 1 -3.426767547918468e-02
1 2 0 2 1 0 -1.150032234171067e-02
1 2 0 2 0 1 +7.141519148960330e-03
1 2 0 1 2 0 +8.805010348606701e-01
1 2 0 0 2 1 -2.434993403830933e-02
1 2 0 0 1 2 +1.224932411116028e-02
1 2 0 1 0 2 +6.478977978599842e-02
1 2 0 3 0 0 +1.533327050073682e-01
1 2 0 0 3 0 -9.259780165818163e-03
1 2 0 0 0 3 -9.934107556965371e-03
0 2 1 1 1 1 -1.069893491966333e-02
0 2 1 2 1 0 +3.457710161328618e-02
0 2 1 2 0 1 +4.251822566364510e-02
0 2 1 1 2 0 -2.434993403830940e-02
0 2 1 0 2 1 +8.155678774251783e-01
0 2 1 0 1 2 -3.233009630493713e-02
0 2 1 1 0 2 +6.769558034799637e-03
0 2 1 3 0 0 -9.562146442804698e-03
0 2 1 0 3 0 -2.777934049745449e-02
0 2 1 0 0 3 +1.681573567083747e-01
0 1 2 1 1 1 -1.628579119027707e-02
0 1 2 2 1 0 +6.437643290159283e-02
0 1 2 2 0 1 +3.368480306022271e-02
0 1 2 1 2 0 +4.970624112889685e-03
0 1 2 0 2 1 -3.277908562869032e-02
0 1 2 0 1 2 +8.097420862697452e-01
0 1 2 1 0 2 -1.549044642414838e-02
0 1 2 3 0 0 -7.262253478624360e-03
0 1 2 0 3 0 +2.099686520948394e-01
0 1 2 0 0 3 -2.549923509765795e-02
1 0 2 1 1 1 -3.336401673723700e-02
1 0 2 2 1 0 +5.070828445893258e-03
1 0 2 2 0 1 -1.678575999268653e-02
1 0 2 1 2 0 +7.362624434498105e-02
1 0 2 0 2 1 +1.723861870845278e-02
1 0 2 0 1 2 -1.549044642414841e-02
1 0 2 1 0 2 +8.329777559059677e-01
1 0 2 3 0 0 +2.041562847000532e-01
1 0 2 0 3 0 -7.362457811627943e-03
1 0 2 0 0 3 -1.274961754882898e-02
3 0 0 1 1 1 +2.917702321888455e-02
3 0 0 2 1 0 -3.105458916081072e-02
3 0 0 2 0 1 -4.658188374121599e-02
3 0 0 1 2 0 +1.374570014227837e-01
3 0 0 0 2 1 -9.068258186676554e-03
3 0 0 0 1 2 -6.484005317452765e-03
3 0 0 1 0 2 +1.617711874385204e-01
3 0 0 3 0 0 +2.974733604731409e+00
3 0 0 0 3 0 -1.743491659788373e-02
3 0 0 0 0 3 -2.681012468632811e-02
0 3 0 1 1 1 +1.500499038715477e-02
0 3 0 2 1 0 +1.445983566497778e-01
0 3 0 2 0 1 -1.788259575778810e-02
0 3 0 1 2 0 -3.040742986420888e-02
0 3 0 0 2 1 -9.122228959262653e-02
0 3 0 0 1 2 +1.846116643488570e-01
0 3 0 1 0 2 -6.674007515206901e-03
0 3 0 3 0 0 -1.770431019213542e-02
0 3 0 0 3 0 +2.884231565266687e+00
0 3 0 0 0 3 -5.525235736423872e-02
0 0 3 1 1 1 +1.044684364365917e-02
0 0 3 2 1 0 -1.877489431085169e-02
0 0 3 2 0 1 +1.796250699730880e-01
0 0 3 1 2 0 -9.799410759839545e-03
0 0 3 0 2 1 +1.952953354385766e-01
0 0 3 0 1 2 -8.804420554532554e-02
0 0 3 1 0 2 -4.402210277266275e-02
0 0 3 3 0 0 -2.788769906333502e-02
0 0 3 0 3 0 -5.659932533549755e-02
0 0 3 0 0 3 +2.738905925338655e+00
